0 1350.0 0.9381143462419548 0.009549259
0 saved
1 1390.0 0.9065597537910867 0.0037842283
1 saved
2 330.0 0.8896595372553371 0.24426834
3 360.0 0.8781330125008624 0.15144256
4 1030.0 0.8538164065328189 0.052843705
5 360.0 0.8409461099624687 0.010390814
6 680.0 0.8209731474342836 0.034899637
7 460.0 0.8025415577110101 38.817677
8 1080.0 0.7785417922815885 0.049361356
9 2380.0 0.7480155856383567 155.84744
9 saved
10 480.0 0.7299018930899562 193.00916
11 830.0 0.7143849024090357 0.16199785
12 1300.0 0.6798909534731797 0.07363367
13 1080.0 0.6637761032873568 0.03844527
14 1710.0 0.6356148606147956 155.31032
15 1300.0 0.6083075641947602 0.13774905
16 630.0 0.5892041135260964 0.10004655
17 580.0 0.5772754244133614 0.027027015
18 1930.0 0.5352398120365081 0.07848562
19 530.0 0.5217851679453502 155.33112
20 410.0 0.5142614800345865 38.69995

SCORE DO MODELO APRENDIDO: 330

stack_size = 4
learning_rate = 0.00025
total_episodes = 21
max_steps = 10000
batch_size = 64
explore_begin = 1.0
explore_end = 0.01
decay_rate = 0.00001
gamma = 0.9
memory_size = 100000
conv_filters = [16, 32, 32]
kernel_sizes = [6, 3, 2]
stride_sizes = [3, 2, 2]
