0 1320.0 0.5837564155671576 154.5907
0 saved
1 730.0 0.46618797166015696 0.009257713
2 1410.0 0.2607872432244069 0.003847543
2 saved
3 380.0 0.2203357246803408 309.7075
4 360.0 0.19218177331449554 44.705364
5 530.0 0.15389803279040826 155.56277
6 980.0 0.09368041361553225 0.00014262614
7 330.0 0.07701422720075662 0.22991319
8 880.0 0.052343077273866744 0.29198882
9 1320.0 0.026088503411986486 0.20321274
10 930.0 0.02072314986452243 0.0023326077
11 310.0 0.019085729021281764 0.0053275595
12 230.0 0.017143514935685125 0.026002944
13 580.0 0.016011684205376523 0.023435557
14 430.0 0.014693623770793272 38.803337
15 830.0 0.012735474583512232 0.021959072
16 830.0 0.011721171120479342 0.0548753
17 1280.0 0.011125362204201275 194.0651
18 680.0 0.010702721196501081 0.004947806
19 160.0 0.01053147715892155 0.076212004
20 460.0 0.010449960689423008 0.02027214
EPISODE: 0
Score: 130.0
EPISODE: 1
Score: 130.0
EPISODE: 2
Score: 130.0
EPISODE: 3
Score: 130.0
EPISODE: 4
Score: 130.0
EPISODE: 5
Score: 130.0
EPISODE: 6
Score: 130.0
EPISODE: 7
Score: 130.0
EPISODE: 8
Score: 130.0
EPISODE: 9
Score: 130.0
21
10000
64
1.0
0.01
0.0001
0.9
100000
[16, 32, 32]
[6, 3, 2]
[3, 2, 2]
