0 1300.0 0.9946313762526645 78.391525
0 saved
1 1180.0 0.9917205184166717 0.3300611
2 1370.0 0.9873502398895473 0.73613644
2 saved
3 880.0 0.9852984000052251 0.0012252775
4 1080.0 0.9814178140817551 0.014642611
5 680.0 0.9798177320283351 1.2346518
6 360.0 0.9777411771433989 308.0508
7 430.0 0.9748397820161085 1.1393368
8 980.0 0.9733442109749644 3.067616
9 730.0 0.9717570418231748 0.10167985
10 530.0 0.970412957935033 0.013623912
11 830.0 0.9673987265909838 0.031196214
12 1320.0 0.9628007323529829 0.03186183
13 1180.0 0.9599349641652398 0.079689875
14 2380.0 0.9542037626883412 76.13828
14 saved
15 1280.0 0.9497436904156107 0.034772277
16 1300.0 0.9453440999352074 0.0019471652
17 780.0 0.9420949400791334 6.4240417
18 730.0 0.9401813516226571 0.006255313
19 530.0 0.9385840068661083 0.5291183
20 1490.0 0.9347312053984173 0.0064072134
EPISODE: 0
Score: 140.0
21
10000
32
1.0
0.1
1e-06
0.9
1000000
[16, 32]
[8, 4]
[4, 2]
