0 540.0 0.9776736994730401 2.1992164
0 saved
1 1080.0 0.9462709800033217 46.84613
1 saved
2 1030.0 0.9166848659220618 155.82661
3 880.0 0.8897914960825901 78.738
4 880.0 0.8621605458112694 1.2636777
5 1180.0 0.8367521423325476 1213.4113
5 saved
6 410.0 0.8248099885118958 155.78326
7 1410.0 0.7652772822841695 99.24979
7 saved
8 1300.0 0.7174556507700154 0.6029519
9 980.0 0.6883103612314236 0.69149256
10 980.0 0.6653011776296689 1912.4631
11 1300.0 0.6351458253795336 22.550728
12 530.0 0.6233372471446319 60.20614
13 1350.0 0.5852041050570269 259.95438
14 730.0 0.5754008468958491 137.22112
15 140.0 0.5679586987855685 5.6422606
16 880.0 0.5544058100590645 316.6492
17 730.0 0.5367494155418788 961.322
18 880.0 0.5228456604740891 155.26112
19 180.0 0.5155287661281851 1.7921747
20 1370.0 0.48557040828582415 2692.3298
EPISODE: 0
Score: 140.0
EPISODE: 1
Score: 140.0
EPISODE: 2
Score: 140.0
EPISODE: 3
Score: 140.0
EPISODE: 4
Score: 140.0
EPISODE: 5
Score: 140.0
EPISODE: 6
Score: 140.0
EPISODE: 7
Score: 140.0
EPISODE: 8
Score: 140.0
EPISODE: 9
Score: 140.0
21
10000
64
1.0
0.01
1e-05
0.9
100000
[16, 32, 32]
[6, 3, 2]
[3, 2, 2]
