aved
1 1300.0 0.9253302628242848 3.8018992
1 saved
2 730.0 0.900546165071835 15.849849
3 1350.0 0.8682238330351405 63.330643
3 saved
4 1300.0 0.8323572761367647 1059.4863
5 680.0 0.8152919988423915 6.424656
6 1300.0 0.7808971319978648 11.295368
7 530.0 0.7599638033222039 6.4862156
8 880.0 0.7446505493763831 186.2484
9 1510.0 0.6831612791962334 1.2362568
9 saved
10 2280.0 0.6419908670224743 17.371939
10 saved
11 580.0 0.6310955551531189 212.22255
12 510.0 0.6109519270873858 1.42746
13 2130.0 0.5844683148087727 53.62742
14 880.0 0.569685457633297 0.62350196
15 330.0 0.5614686229885606 0.8739238
16 480.0 0.5480088141083663 10.638962
17 1680.0 0.5223791832024071 1091.717
18 1180.0 0.502914111641792 12.5387125
19 780.0 0.4919714804593851 0.42255035
20 880.0 0.48286736794205243 0.13220553
I tensorflow/core/common_runtime/gpu/gpu_device.cc:975] Creating TensorFlow device (/gpu:0) -> (device: 0, name: Tesla K40c, pci bus id: 0000:81:00.0)
EPISODE: 0
Score: 110.0
21
10000
64
1.0
0.01
1e-05
0.9
100000
[16, 32, 32]
[6, 3, 2]
[3, 2, 2]

