0 1280.0 0.9710024270203261 0.65434694
0 saved
1 780.0 0.9441538488272195 1.5194106
1 saved
2 1350.0 0.8872176473217138 308.8425
2 saved
3 730.0 0.8651521962034531 0.034049004
3 saved
4 380.0 0.8539037922069445 311.38577
4 saved
5 1180.0 0.8295987776030564 0.69480467
5 saved
6 1300.0 0.7983111403985856 0.22552936
6 saved
7 1180.0 0.7773680430138133 0.32765746
7 saved
8 730.0 0.7590271703536655 0.09613229
8 saved
9 680.0 0.7492609807162153 0.34666026
9 saved
10 1980.0 0.7225505085774201 2.4063916
10 saved
11 580.0 0.7095827845001556 3.2640555
11 saved
12 1350.0 0.6896827988893142 309.3924
12 saved
13 1080.0 0.6708661468359044 78.80045
13 saved
14 580.0 0.6624739170554738 6.3210964
14 saved
15 1340.0 0.6328152617940634 0.35376891
15 saved
16 2000.0 0.611324676566628 0.81548935
16 saved
17 2150.0 0.5818027333283107 0.2727823
17 saved
18 1300.0 0.5625454226773334 76.53296
18 saved
19 1180.0 0.5456771287656539 0.8585769
19 saved
20 760.0 0.5342345228255134 0.038153816
20 saved
21 430.0 0.5276541308185349 0.1261304
21 saved
22 1910.0 0.5092248511623951 1.3701183
22 saved
23 980.0 0.49491666316957006 0.0070944396
23 saved
24 1320.0 0.47732419942240456 0.3507589
24 saved
25 980.0 0.4665939247253378 1.1529406
25 saved
26 1280.0 0.44801471498644185 0.0117292395
26 saved
27 280.0 0.4440595536015065 77.03206
27 saved
28 1080.0 0.4306580511622027 77.51335
28 saved
29 1030.0 0.4185357658354065 7.307433
29 saved
30 860.0 0.4092854891081774 1.506037
30 saved
31 780.0 0.3997278101540257 0.009890249
31 saved
32 1300.0 0.3803180253140992 0.010487267
32 saved
33 1300.0 0.3683399812596678 0.029940996
33 saved
34 1300.0 0.35529628262338986 0.44782928
34 saved
35 730.0 0.34750598494796414 77.29919
35 saved
36 830.0 0.34157132312094374 0.035011478
36 saved
37 830.0 0.33387686603293637 0.75033987
37 saved
38 110.0 0.33044789004582276 0.29081836
38 saved
39 530.0 0.32653393640996264 0.30286
39 saved
40 1370.0 0.31589771704305647 0.14002348
40 saved
EPISODE: 0
Score: 130.0
41
10000
32
1.0
0.1
1e-05
0.9
1000000
[16, 32]
[8, 4]
[4, 2]
