0 510.0 0.9986698838633455 0.032201655
1 580.0 0.9971694604403085 0.06257403
2 1280.0 0.9931189398460699 0.53407633
3 2200.0 0.9878464073395277 0.025171068
4 480.0 0.9858820039272 0.5442146
5 880.0 0.9826076490762166 0.10695082
6 2400.0 0.9777833097310759 0.29172564
7 1610.0 0.9746455891407078 0.7473032
8 330.0 0.9729181229739366 0.07091053
9 730.0 0.9704469047023501 2.6099029
11 1560.0 0.9572758653211552 76.84766
12 730.0 0.9546061874241533 0.04437628
13 580.0 0.9531144937885024 0.0118891215
14 1180.0 0.9484564549519552 0.019991586
15 610.0 0.9466621725548571 0.795079
16 680.0 0.9447263792025897 0.028135128
17 630.0 0.9431220797255134 0.42205167
18 980.0 0.9395942700667808 0.42886305
19 310.0 0.9382947452842314 76.782036
20 1370.0 0.9337576422662952 0.86677957
EPISODE: 0
Score: 110.0
21
10000
32
1.0
0.1
1e-06
0.9
1000000
[16, 32]
[8, 4]
[4, 2]
