0 1180.0 0.9979027473964214 0.018568546
0 saved
1 510.0 0.9965793171137858 0.48961008
1 saved
2 1080.0 0.9926153627860765 0.0034058064
3 1520.0 0.988836019348851 0.0032523884
4 1300.0 0.9841261564081029 314.06738
5 1280.0 0.9800799567820273 0.25826114
6 2100.0 0.9736114951959228 1.056334
7 1420.0 0.9688971495601093 1.1857251
8 1300.0 0.9619245719737535 0.021208879
9 630.0 0.9595033851486253 0.5019282
10 780.0 0.9567085365048698 0.009335858
11 230.0 0.9550866110878902 1.1987171
12 1130.0 0.9507886674179681 0.7532599
13 260.0 0.9492153141822157 0.0095092915
14 1300.0 0.945080393716337 0.5183269
15 280.0 0.9438753240162281 0.65848243
16 1280.0 0.9404015079760052 13.292553
17 2300.0 0.934620193530552 1.3570759
18 980.0 0.9322057977707419 0.6042724
19 1300.0 0.9282464568735995 0.053514946
20 1320.0 0.9229979940611238 0.008585103
EPISODE: 0
Score: 140.0
21
10000
32
1.0
0.1
1e-06
0.9
1000000
[16, 32]
[8, 4]
[4, 2]
