0 630.0 0.9837892876551995 2.847177
0 saved
1 980.0 0.9460837445314924 0.056742474
1 saved
2 680.0 0.9253943381852939 0.661772
3 1350.0 0.8576306130969743 35.506508
3 saved
4 1080.0 0.828484895800194 1.7271798
5 610.0 0.8022087601491517 0.12167032
6 410.0 0.7890341967144597 38.9466
7 430.0 0.770476296671375 0.43524283
8 880.0 0.7557682858156454 63.078743
9 1180.0 0.7254022294071537 1.6903796
10 1030.0 0.6953262094822901 588.87274
11 430.0 0.6731657395137353 154.02226
12 930.0 0.653881654638902 1046.9595
13 630.0 0.6437946101064747 2123.6204
14 780.0 0.6287336833109415 27.46188
15 330.0 0.6183953656787945 14638.21
16 480.0 0.6091038426629425 6.2905684
17 730.0 0.5953236505962733 2.2227495
18 630.0 0.582249418763658 9.112303
19 580.0 0.5722715639881202 15.671028
20 630.0 0.5610551765831016 51.940117
EPISODE: 0
Score: 140.0
21
10000
64
1.0
0.01
1e-05
0.6
100000
[32, 64, 32]
[8, 4, 3]
[4, 2, 2]
