5 68
5 69
5 70
5 71
5 72
5 73
5 74
5 75
5 76
5 77
5 78
5 79
5 132
5 133
5 134
5 135
5 140
5 141
5 142
5 143
6 68
6 69
6 70
6 71
6 72
6 73
6 74
6 75
6 76
6 77
6 78
6 79
6 132
6 133
6 134
6 135
6 140
6 141
6 142
6 143
7 68
7 69
7 70
7 71
7 76
7 77
7 78
7 79
7 132
7 133
7 134
7 135
7 140
7 141
7 142
7 143
8 68
8 69
8 70
8 71
8 76
8 77
8 78
8 79
8 132
8 133
8 134
8 135
8 140
8 141
8 142
8 143
9 68
9 69
9 70
9 71
9 76
9 77
9 78
9 79
9 132
9 133
9 134
9 135
9 136
9 137
9 138
9 139
9 140
9 141
9 142
9 143
10 68
10 69
10 70
10 71
10 76
10 77
10 78
10 79
10 132
10 133
10 134
10 135
10 136
10 137
10 138
10 139
10 140
10 141
10 142
10 143
11 68
11 69
11 70
11 71
11 76
11 77
11 78
11 79
11 140
11 141
11 142
11 143
12 68
12 69
12 70
12 71
12 76
12 77
12 78
12 79
12 140
12 141
12 142
12 143
13 68
13 69
13 70
13 71
13 72
13 73
13 74
13 75
13 76
13 77
13 78
13 79
13 140
13 141
13 142
13 143
14 68
14 69
14 70
14 71
14 72
14 73
14 74
14 75
14 76
14 77
14 78
14 79
14 140
14 141
14 142
14 143
24 42
24 43
24 44
24 45
24 46
24 47
24 48
24 49
25 42
25 43
25 44
25 45
25 46
25 47
25 48
25 49
26 40
26 41
26 42
26 43
26 44
26 45
26 46
26 47
26 48
26 49
26 50
26 51
27 40
27 41
27 42
27 43
27 44
27 45
27 46
27 47
27 48
27 49
27 50
27 51
28 40
28 41
28 42
28 43
28 44
28 45
28 46
28 47
28 48
28 49
28 50
28 51
28 52
28 53
29 40
29 41
29 42
29 43
29 44
29 45
29 46
29 47
29 48
29 49
29 50
29 51
29 52
29 53
29 136
29 137
29 138
29 139
29 140
29 141
29 142
29 143
30 42
30 43
30 44
30 45
30 46
30 47
30 48
30 49
30 50
30 51
30 52
30 53
30 136
30 137
30 138
30 139
30 140
30 141
30 142
30 143
31 42
31 43
31 44
31 45
31 46
31 47
31 48
31 49
31 50
31 51
31 52
31 53
31 134
31 135
31 136
31 137
31 138
31 139
31 140
31 141
31 142
31 143
31 144
31 145
32 40
32 41
32 42
32 43
32 44
32 45
32 46
32 47
32 48
32 49
32 50
32 51
32 52
32 53
32 134
32 135
32 136
32 137
32 138
32 139
32 140
32 141
32 142
32 143
32 144
32 145
33 40
33 41
33 42
33 43
33 44
33 45
33 46
33 47
33 48
33 49
33 50
33 51
33 52
33 53
33 134
33 135
33 136
33 137
33 138
33 139
33 140
33 141
33 142
33 143
33 144
33 145
33 146
33 147
34 38
34 39
34 40
34 41
34 42
34 43
34 44
34 45
34 46
34 47
34 48
34 49
34 50
34 51
34 52
34 53
34 134
34 135
34 136
34 137
34 138
34 139
34 140
34 141
34 142
34 143
34 144
34 145
34 146
34 147
35 38
35 39
35 40
35 41
35 42
35 43
35 44
35 45
35 46
35 47
35 48
35 49
35 50
35 51
35 52
35 53
35 136
35 137
35 138
35 139
35 140
35 141
35 142
35 143
35 144
35 145
35 146
35 147
36 38
36 39
36 40
36 41
36 42
36 43
36 44
36 45
36 46
36 47
36 48
36 49
36 50
36 51
36 136
36 137
36 138
36 139
36 140
36 141
36 142
36 143
36 144
36 145
36 146
36 147
37 38
37 39
37 40
37 41
37 42
37 43
37 44
37 45
37 46
37 47
37 48
37 49
37 50
37 51
37 134
37 135
37 136
37 137
37 138
37 139
37 140
37 141
37 142
37 143
37 144
37 145
37 146
37 147
38 38
38 39
38 40
38 41
38 42
38 43
38 44
38 45
38 46
38 47
38 48
38 49
38 50
38 51
38 134
38 135
38 136
38 137
38 138
38 139
38 140
38 141
38 142
38 143
38 144
38 145
38 146
38 147
39 38
39 39
39 40
39 41
39 42
39 43
39 44
39 45
39 46
39 47
39 48
39 49
39 50
39 51
39 132
39 133
39 134
39 135
39 136
39 137
39 138
39 139
39 140
39 141
39 142
39 143
39 144
39 145
39 146
39 147
40 39
40 40
40 41
40 42
40 43
40 44
40 45
40 46
40 47
40 48
40 49
40 50
40 51
40 52
40 132
40 133
40 134
40 135
40 136
40 137
40 138
40 139
40 140
40 141
40 142
40 143
40 144
40 145
40 146
40 147
41 39
41 40
41 41
41 42
41 43
41 44
41 45
41 46
41 47
41 48
41 49
41 50
41 51
41 52
41 132
41 133
41 134
41 135
41 136
41 137
41 138
41 139
41 140
41 141
41 142
41 143
41 144
41 145
42 39
42 40
42 41
42 42
42 43
42 44
42 45
42 46
42 47
42 48
42 49
42 50
42 51
42 52
42 132
42 133
42 134
42 135
42 136
42 137
42 138
42 139
42 140
42 141
42 142
42 143
42 144
42 145
43 39
43 40
43 41
43 42
43 43
43 44
43 45
43 46
43 47
43 48
43 49
43 50
43 51
43 52
43 132
43 133
43 134
43 135
43 136
43 137
43 138
43 139
43 140
43 141
43 142
43 143
43 144
43 145
44 41
44 42
44 43
44 44
44 45
44 46
44 47
44 48
44 49
44 50
44 51
44 52
44 132
44 133
44 134
44 135
44 136
44 137
44 138
44 139
44 140
44 141
44 142
44 143
44 144
44 145
45 41
45 42
45 43
45 44
45 45
45 46
45 47
45 48
45 49
45 50
45 51
45 52
45 133
45 134
45 135
45 136
45 137
45 138
45 139
45 140
45 141
45 142
45 143
45 144
45 145
45 146
46 42
46 43
46 44
46 45
46 46
46 47
46 48
46 49
46 50
46 51
46 133
46 134
46 135
46 136
46 137
46 138
46 139
46 140
46 141
46 142
46 143
46 144
46 145
46 146
47 42
47 43
47 44
47 45
47 46
47 47
47 48
47 49
47 50
47 51
47 133
47 134
47 135
47 136
47 137
47 138
47 139
47 140
47 141
47 142
47 143
47 144
47 145
47 146
48 42
48 43
48 44
48 45
48 46
48 47
48 48
48 49
48 50
48 51
48 133
48 134
48 135
48 136
48 137
48 138
48 139
48 140
48 141
48 142
48 143
48 144
48 145
48 146
49 42
49 43
49 44
49 45
49 46
49 47
49 48
49 49
49 50
49 51
49 135
49 136
49 137
49 138
49 139
49 140
49 141
49 142
49 143
49 144
49 145
49 146
50 44
50 45
50 46
50 47
50 48
50 49
50 135
50 136
50 137
50 138
50 139
50 140
50 141
50 142
50 143
50 144
50 145
50 146
51 44
51 45
51 46
51 47
51 48
51 49
51 136
51 137
51 138
51 139
51 140
51 141
51 142
51 143
51 144
51 145
52 136
52 137
52 138
52 139
52 140
52 141
52 142
52 143
52 144
52 145
53 136
53 137
53 138
53 139
53 140
53 141
53 142
53 143
53 144
53 145
54 136
54 137
54 138
54 139
54 140
54 141
54 142
54 143
54 144
54 145
55 138
55 139
55 140
55 141
55 142
55 143
56 138
56 139
56 140
56 141
56 142
56 143
148 39
148 40
148 41
148 42
148 43
148 44
148 45
148 46
149 39
149 40
149 41
149 42
149 43
149 44
149 45
149 46
150 37
150 38
150 39
150 40
150 41
150 42
150 43
150 44
150 45
150 46
150 47
150 48
151 37
151 38
151 39
151 40
151 41
151 42
151 43
151 44
151 45
151 46
151 47
151 48
152 37
152 38
152 39
152 40
152 41
152 42
152 43
152 44
152 45
152 46
152 47
152 48
152 49
152 50
153 37
153 38
153 39
153 40
153 41
153 42
153 43
153 44
153 45
153 46
153 47
153 48
153 49
153 50
153 126
153 127
154 39
154 40
154 41
154 42
154 43
154 44
154 45
154 46
154 47
154 48
154 49
154 50
154 126
154 127
155 39
155 40
155 41
155 42
155 43
155 44
155 45
155 46
155 47
155 48
155 49
155 50
155 125
155 126
155 127
155 128
155 129
155 130
156 37
156 38
156 39
156 40
156 41
156 42
156 43
156 44
156 45
156 46
156 47
156 48
156 49
156 50
156 125
156 126
156 127
156 128
156 129
156 130
157 37
157 38
157 39
157 40
157 41
157 42
157 43
157 44
157 45
157 46
157 47
157 48
157 49
157 50
157 125
157 126
157 127
157 128
157 129
157 130
157 131
157 132
158 35
158 36
158 37
158 38
158 39
158 40
158 41
158 42
158 43
158 44
158 45
158 46
158 47
158 48
158 49
158 50
158 125
158 126
158 127
158 128
158 129
158 130
158 131
158 132
159 35
159 36
159 37
159 38
159 39
159 40
159 41
159 42
159 43
159 44
159 45
159 46
159 47
159 48
159 49
159 50
159 123
159 124
159 125
159 126
159 127
159 128
159 129
159 130
159 131
159 132
160 35
160 36
160 37
160 38
160 39
160 40
160 41
160 42
160 43
160 44
160 45
160 46
160 47
160 48
160 123
160 124
160 125
160 126
160 127
160 128
160 129
160 130
160 131
160 132
161 35
161 36
161 37
161 38
161 39
161 40
161 41
161 42
161 43
161 44
161 45
161 46
161 47
161 48
161 123
161 124
161 125
161 126
161 127
161 128
161 129
161 130
161 131
161 132
161 133
161 134
162 35
162 36
162 37
162 38
162 39
162 40
162 41
162 42
162 43
162 44
162 45
162 46
162 47
162 48
162 123
162 124
162 125
162 126
162 127
162 128
162 129
162 130
162 131
162 132
162 133
162 134
163 35
163 36
163 37
163 38
163 39
163 40
163 41
163 42
163 43
163 44
163 45
163 46
163 47
163 48
163 121
163 122
163 123
163 124
163 125
163 126
163 127
163 128
163 129
163 130
163 131
163 132
163 133
163 134
164 36
164 37
164 38
164 39
164 40
164 41
164 42
164 43
164 44
164 45
164 46
164 47
164 48
164 49
164 121
164 122
164 123
164 124
164 125
164 126
164 127
164 128
164 129
164 130
164 131
164 132
164 133
164 134
165 36
165 37
165 38
165 39
165 40
165 41
165 42
165 43
165 44
165 45
165 46
165 47
165 48
165 49
165 120
165 121
165 122
165 123
165 124
165 125
165 126
165 127
165 128
165 129
165 130
165 131
165 132
165 133
165 134
165 135
166 36
166 37
166 38
166 39
166 40
166 41
166 42
166 43
166 44
166 45
166 46
166 47
166 48
166 49
166 120
166 121
166 122
166 123
166 124
166 125
166 126
166 127
166 128
166 129
166 130
166 131
166 132
166 133
166 134
166 135
167 36
167 37
167 38
167 39
167 40
167 41
167 42
167 43
167 44
167 45
167 46
167 47
167 48
167 49
167 121
167 122
167 123
167 124
167 125
167 126
167 127
167 128
167 129
167 130
167 131
167 132
167 133
167 134
168 38
168 39
168 40
168 41
168 42
168 43
168 44
168 45
168 46
168 47
168 48
168 49
168 121
168 122
168 123
168 124
168 125
168 126
168 127
168 128
168 129
168 130
168 131
168 132
168 133
168 134
169 38
169 39
169 40
169 41
169 42
169 43
169 44
169 45
169 46
169 47
169 48
169 49
169 120
169 121
169 122
169 123
169 124
169 125
169 126
169 127
169 128
169 129
169 130
169 131
169 132
169 133
169 134
169 135
170 39
170 40
170 41
170 42
170 43
170 44
170 45
170 46
170 47
170 48
170 120
170 121
170 122
170 123
170 124
170 125
170 126
170 127
170 128
170 129
170 130
170 131
170 132
170 133
170 134
170 135
171 39
171 40
171 41
171 42
171 43
171 44
171 45
171 46
171 47
171 48
171 121
171 122
171 123
171 124
171 125
171 126
171 127
171 128
171 129
171 130
171 131
171 132
171 133
171 134
172 39
172 40
172 41
172 42
172 43
172 44
172 45
172 46
172 47
172 48
172 121
172 122
172 123
172 124
172 125
172 126
172 127
172 128
172 129
172 130
172 131
172 132
172 133
172 134
173 39
173 40
173 41
173 42
173 43
173 44
173 45
173 46
173 47
173 48
173 124
173 125
173 126
173 127
173 128
173 129
173 130
173 131
173 132
173 133
174 41
174 42
174 43
174 44
174 45
174 46
174 124
174 125
174 126
174 127
174 128
174 129
174 130
174 131
174 132
174 133
175 41
175 42
175 43
175 44
175 45
175 46
175 124
175 125
175 126
175 127
175 128
175 129
175 130
175 131
175 132
175 133
176 124
176 125
176 126
176 127
176 128
176 129
176 130
176 131
176 132
176 133
177 126
177 127
177 128
177 129
177 130
177 131
178 126
178 127
178 128
178 129
178 130
178 131
179 128
179 129
179 130
179 131
180 128
180 129
180 130
180 131
