5 36
5 37
5 38
5 39
5 40
5 41
5 42
5 43
5 44
5 45
5 46
5 47
5 52
5 53
5 54
5 55
5 56
5 57
5 58
5 59
5 60
5 61
5 62
5 63
5 68
5 69
5 70
5 71
5 72
5 73
5 74
5 75
5 76
5 77
5 78
5 79
5 132
5 133
5 134
5 135
5 140
5 141
5 142
5 143
6 36
6 37
6 38
6 39
6 40
6 41
6 42
6 43
6 44
6 45
6 46
6 47
6 52
6 53
6 54
6 55
6 56
6 57
6 58
6 59
6 60
6 61
6 62
6 63
6 68
6 69
6 70
6 71
6 72
6 73
6 74
6 75
6 76
6 77
6 78
6 79
6 132
6 133
6 134
6 135
6 140
6 141
6 142
6 143
7 44
7 45
7 46
7 47
7 60
7 61
7 62
7 63
7 68
7 69
7 70
7 71
7 76
7 77
7 78
7 79
7 132
7 133
7 134
7 135
7 140
7 141
7 142
7 143
8 44
8 45
8 46
8 47
8 60
8 61
8 62
8 63
8 68
8 69
8 70
8 71
8 76
8 77
8 78
8 79
8 132
8 133
8 134
8 135
8 140
8 141
8 142
8 143
9 36
9 37
9 38
9 39
9 40
9 41
9 42
9 43
9 44
9 45
9 46
9 47
9 52
9 53
9 54
9 55
9 56
9 57
9 58
9 59
9 60
9 61
9 62
9 63
9 68
9 69
9 70
9 71
9 76
9 77
9 78
9 79
9 132
9 133
9 134
9 135
9 136
9 137
9 138
9 139
9 140
9 141
9 142
9 143
10 36
10 37
10 38
10 39
10 40
10 41
10 42
10 43
10 44
10 45
10 46
10 47
10 52
10 53
10 54
10 55
10 56
10 57
10 58
10 59
10 60
10 61
10 62
10 63
10 68
10 69
10 70
10 71
10 76
10 77
10 78
10 79
10 132
10 133
10 134
10 135
10 136
10 137
10 138
10 139
10 140
10 141
10 142
10 143
11 36
11 37
11 38
11 39
11 52
11 53
11 54
11 55
11 68
11 69
11 70
11 71
11 76
11 77
11 78
11 79
11 140
11 141
11 142
11 143
12 36
12 37
12 38
12 39
12 52
12 53
12 54
12 55
12 68
12 69
12 70
12 71
12 76
12 77
12 78
12 79
12 140
12 141
12 142
12 143
13 36
13 37
13 38
13 39
13 40
13 41
13 42
13 43
13 44
13 45
13 46
13 47
13 52
13 53
13 54
13 55
13 56
13 57
13 58
13 59
13 60
13 61
13 62
13 63
13 68
13 69
13 70
13 71
13 72
13 73
13 74
13 75
13 76
13 77
13 78
13 79
13 140
13 141
13 142
13 143
14 36
14 37
14 38
14 39
14 40
14 41
14 42
14 43
14 44
14 45
14 46
14 47
14 52
14 53
14 54
14 55
14 56
14 57
14 58
14 59
14 60
14 61
14 62
14 63
14 68
14 69
14 70
14 71
14 72
14 73
14 74
14 75
14 76
14 77
14 78
14 79
14 140
14 141
14 142
14 143
37 148
37 149
38 148
38 149
39 147
39 148
39 149
39 150
40 147
40 148
40 149
40 150
41 147
41 148
41 149
41 150
42 147
42 148
42 149
42 150
43 149
44 149
73 8
73 9
73 10
73 11
74 8
74 9
74 10
74 11
75 8
75 9
75 10
75 11
75 12
75 13
76 8
76 9
76 10
76 11
76 12
76 13
77 8
77 9
77 10
77 11
77 12
77 13
77 14
77 15
78 8
78 9
78 10
78 11
78 12
78 13
78 14
78 15
79 8
79 9
79 10
79 11
79 12
79 13
79 14
79 15
80 8
80 9
80 10
80 11
80 12
80 13
80 14
80 15
81 8
81 9
81 10
81 11
81 12
81 13
81 14
81 15
82 8
82 9
82 10
82 11
82 12
82 13
82 14
82 15
83 8
83 9
83 10
83 11
83 12
83 13
83 14
83 15
84 8
84 9
84 10
84 11
84 12
84 13
84 14
84 15
85 8
85 9
85 10
85 11
85 12
85 13
86 8
86 9
86 10
86 11
86 12
86 13
87 8
87 9
87 10
87 11
87 12
87 13
88 8
88 9
88 10
88 11
88 12
88 13
89 8
89 9
89 10
89 11
89 12
89 13
89 14
90 8
90 9
90 10
90 11
90 12
90 13
90 14
91 8
91 9
91 10
91 11
91 12
91 13
91 14
92 8
92 9
92 10
92 11
92 12
92 13
92 14
93 8
93 9
93 10
93 11
93 12
93 13
93 14
94 8
94 9
94 10
94 11
94 12
94 13
94 14
95 8
95 9
95 10
95 11
95 12
95 13
96 8
96 9
96 10
96 11
96 12
96 13
97 8
97 9
97 10
97 11
97 12
97 13
98 8
98 9
98 10
98 11
98 12
98 13
99 8
99 9
99 10
99 11
100 8
100 9
100 10
100 11
104 11
104 12
104 13
104 14
104 15
104 16
104 17
104 18
105 11
105 12
105 13
105 14
105 15
105 16
105 17
105 18
106 9
106 10
106 11
106 12
106 13
106 14
106 15
106 16
106 17
106 18
106 19
106 20
107 9
107 10
107 11
107 12
107 13
107 14
107 15
107 16
107 17
107 18
107 19
107 20
108 9
108 10
108 11
108 12
108 13
108 14
108 15
108 16
108 17
108 18
108 19
108 20
108 21
108 22
109 9
109 10
109 11
109 12
109 13
109 14
109 15
109 16
109 17
109 18
109 19
109 20
109 21
109 22
110 11
110 12
110 13
110 14
110 15
110 16
110 17
110 18
110 19
110 20
110 21
110 22
111 11
111 12
111 13
111 14
111 15
111 16
111 17
111 18
111 19
111 20
111 21
111 22
112 9
112 10
112 11
112 12
112 13
112 14
112 15
112 16
112 17
112 18
112 19
112 20
112 21
112 22
113 9
113 10
113 11
113 12
113 13
113 14
113 15
113 16
113 17
113 18
113 19
113 20
113 21
113 22
114 8
114 9
114 10
114 11
114 12
114 13
114 14
114 15
114 16
114 17
114 18
114 19
114 20
114 21
114 22
115 8
115 9
115 10
115 11
115 12
115 13
115 14
115 15
115 16
115 17
115 18
115 19
115 20
115 21
115 22
116 8
116 9
116 10
116 11
116 12
116 13
116 14
116 15
116 16
116 17
116 18
116 19
116 20
117 8
117 9
117 10
117 11
117 12
117 13
117 14
117 15
117 16
117 17
117 18
117 19
117 20
118 8
118 9
118 10
118 11
118 12
118 13
118 14
118 15
118 16
118 17
118 18
118 19
118 20
119 8
119 9
119 10
119 11
119 12
119 13
119 14
119 15
119 16
119 17
119 18
119 19
119 20
120 8
120 9
120 10
120 11
120 12
120 13
120 14
120 15
120 16
120 17
120 18
120 19
120 20
120 21
121 8
121 9
121 10
121 11
121 12
121 13
121 14
121 15
121 16
121 17
121 18
121 19
121 20
121 21
122 8
122 9
122 10
122 11
122 12
122 13
122 14
122 15
122 16
122 17
122 18
122 19
122 20
122 21
123 8
123 9
123 10
123 11
123 12
123 13
123 14
123 15
123 16
123 17
123 18
123 19
123 20
123 21
124 10
124 11
124 12
124 13
124 14
124 15
124 16
124 17
124 18
124 19
124 20
124 21
125 10
125 11
125 12
125 13
125 14
125 15
125 16
125 17
125 18
125 19
125 20
125 21
126 11
126 12
126 13
126 14
126 15
126 16
126 17
126 18
126 19
126 20
127 11
127 12
127 13
127 14
127 15
127 16
127 17
127 18
127 19
127 20
128 11
128 12
128 13
128 14
128 15
128 16
128 17
128 18
128 19
128 20
129 11
129 12
129 13
129 14
129 15
129 16
129 17
129 18
129 19
129 20
130 13
130 14
130 15
130 16
130 17
130 18
131 13
131 14
131 15
131 16
131 17
131 18
158 14
158 15
158 16
158 17
158 18
158 19
158 20
158 21
159 14
159 15
159 16
159 17
159 18
159 19
159 20
159 21
160 12
160 13
160 14
160 15
160 16
160 17
160 18
160 19
160 20
160 21
160 22
160 23
161 12
161 13
161 14
161 15
161 16
161 17
161 18
161 19
161 20
161 21
161 22
161 23
162 12
162 13
162 14
162 15
162 16
162 17
162 18
162 19
162 20
162 21
162 22
162 23
162 24
162 25
163 12
163 13
163 14
163 15
163 16
163 17
163 18
163 19
163 20
163 21
163 22
163 23
163 24
163 25
164 14
164 15
164 16
164 17
164 18
164 19
164 20
164 21
164 22
164 23
164 24
164 25
165 14
165 15
165 16
165 17
165 18
165 19
165 20
165 21
165 22
165 23
165 24
165 25
166 12
166 13
166 14
166 15
166 16
166 17
166 18
166 19
166 20
166 21
166 22
166 23
166 24
166 25
167 12
167 13
167 14
167 15
167 16
167 17
167 18
167 19
167 20
167 21
167 22
167 23
167 24
167 25
168 10
168 11
168 12
168 13
168 14
168 15
168 16
168 17
168 18
168 19
168 20
168 21
168 22
168 23
168 24
168 25
169 10
169 11
169 12
169 13
169 14
169 15
169 16
169 17
169 18
169 19
169 20
169 21
169 22
169 23
169 24
169 25
170 10
170 11
170 12
170 13
170 14
170 15
170 16
170 17
170 18
170 19
170 20
170 21
170 22
170 23
171 10
171 11
171 12
171 13
171 14
171 15
171 16
171 17
171 18
171 19
171 20
171 21
171 22
171 23
172 10
172 11
172 12
172 13
172 14
172 15
172 16
172 17
172 18
172 19
172 20
172 21
172 22
172 23
173 10
173 11
173 12
173 13
173 14
173 15
173 16
173 17
173 18
173 19
173 20
173 21
173 22
173 23
174 11
174 12
174 13
174 14
174 15
174 16
174 17
174 18
174 19
174 20
174 21
174 22
174 23
174 24
175 11
175 12
175 13
175 14
175 15
175 16
175 17
175 18
175 19
175 20
175 21
175 22
175 23
175 24
176 11
176 12
176 13
176 14
176 15
176 16
176 17
176 18
176 19
176 20
176 21
176 22
176 23
176 24
177 11
177 12
177 13
177 14
177 15
177 16
177 17
177 18
177 19
177 20
177 21
177 22
177 23
177 24
178 13
178 14
178 15
178 16
178 17
178 18
178 19
178 20
178 21
178 22
178 23
178 24
179 13
179 14
179 15
179 16
179 17
179 18
179 19
179 20
179 21
179 22
179 23
179 24
180 14
180 15
180 16
180 17
180 18
180 19
180 20
180 21
180 22
180 23
181 14
181 15
181 16
181 17
181 18
181 19
181 20
181 21
181 22
181 23
182 14
182 15
182 16
182 17
182 18
182 19
182 20
182 21
182 22
182 23
183 14
183 15
183 16
183 17
183 18
183 19
183 20
183 21
183 22
183 23
184 16
184 17
184 18
184 19
184 20
184 21
185 16
185 17
185 18
185 19
185 20
185 21
