5 68 184 50 50
5 69 184 50 50
5 70 184 50 50
5 71 184 50 50
5 72 184 50 50
5 73 184 50 50
5 74 184 50 50
5 75 184 50 50
5 76 184 50 50
5 77 184 50 50
5 78 184 50 50
5 79 184 50 50
5 132 184 50 50
5 133 184 50 50
5 134 184 50 50
5 135 184 50 50
5 140 184 50 50
5 141 184 50 50
5 142 184 50 50
5 143 184 50 50
6 68 184 50 50
6 69 184 50 50
6 70 184 50 50
6 71 184 50 50
6 72 184 50 50
6 73 184 50 50
6 74 184 50 50
6 75 184 50 50
6 76 184 50 50
6 77 184 50 50
6 78 184 50 50
6 79 184 50 50
6 132 184 50 50
6 133 184 50 50
6 134 184 50 50
6 135 184 50 50
6 140 184 50 50
6 141 184 50 50
6 142 184 50 50
6 143 184 50 50
7 68 184 50 50
7 69 184 50 50
7 70 184 50 50
7 71 184 50 50
7 76 184 50 50
7 77 184 50 50
7 78 184 50 50
7 79 184 50 50
7 132 184 50 50
7 133 184 50 50
7 134 184 50 50
7 135 184 50 50
7 140 184 50 50
7 141 184 50 50
7 142 184 50 50
7 143 184 50 50
8 68 184 50 50
8 69 184 50 50
8 70 184 50 50
8 71 184 50 50
8 76 184 50 50
8 77 184 50 50
8 78 184 50 50
8 79 184 50 50
8 132 184 50 50
8 133 184 50 50
8 134 184 50 50
8 135 184 50 50
8 140 184 50 50
8 141 184 50 50
8 142 184 50 50
8 143 184 50 50
9 68 184 50 50
9 69 184 50 50
9 70 184 50 50
9 71 184 50 50
9 76 184 50 50
9 77 184 50 50
9 78 184 50 50
9 79 184 50 50
9 132 184 50 50
9 133 184 50 50
9 134 184 50 50
9 135 184 50 50
9 136 184 50 50
9 137 184 50 50
9 138 184 50 50
9 139 184 50 50
9 140 184 50 50
9 141 184 50 50
9 142 184 50 50
9 143 184 50 50
10 68 184 50 50
10 69 184 50 50
10 70 184 50 50
10 71 184 50 50
10 76 184 50 50
10 77 184 50 50
10 78 184 50 50
10 79 184 50 50
10 132 184 50 50
10 133 184 50 50
10 134 184 50 50
10 135 184 50 50
10 136 184 50 50
10 137 184 50 50
10 138 184 50 50
10 139 184 50 50
10 140 184 50 50
10 141 184 50 50
10 142 184 50 50
10 143 184 50 50
11 68 184 50 50
11 69 184 50 50
11 70 184 50 50
11 71 184 50 50
11 76 184 50 50
11 77 184 50 50
11 78 184 50 50
11 79 184 50 50
11 140 184 50 50
11 141 184 50 50
11 142 184 50 50
11 143 184 50 50
12 68 184 50 50
12 69 184 50 50
12 70 184 50 50
12 71 184 50 50
12 76 184 50 50
12 77 184 50 50
12 78 184 50 50
12 79 184 50 50
12 140 184 50 50
12 141 184 50 50
12 142 184 50 50
12 143 184 50 50
13 68 184 50 50
13 69 184 50 50
13 70 184 50 50
13 71 184 50 50
13 72 184 50 50
13 73 184 50 50
13 74 184 50 50
13 75 184 50 50
13 76 184 50 50
13 77 184 50 50
13 78 184 50 50
13 79 184 50 50
13 140 184 50 50
13 141 184 50 50
13 142 184 50 50
13 143 184 50 50
14 68 184 50 50
14 69 184 50 50
14 70 184 50 50
14 71 184 50 50
14 72 184 50 50
14 73 184 50 50
14 74 184 50 50
14 75 184 50 50
14 76 184 50 50
14 77 184 50 50
14 78 184 50 50
14 79 184 50 50
14 140 184 50 50
14 141 184 50 50
14 142 184 50 50
14 143 184 50 50
84 86 240 128 128
85 86 240 128 128
86 86 240 128 128
87 86 240 128 128
88 85 240 128 128
88 86 240 128 128
88 87 240 128 128
89 85 240 128 128
89 86 240 128 128
89 87 240 128 128
90 85 240 128 128
90 86 240 128 128
90 87 240 128 128
91 85 240 128 128
91 86 240 128 128
91 87 240 128 128
92 84 240 128 128
92 85 240 128 128
92 86 240 128 128
92 87 240 128 128
92 88 240 128 128
93 84 240 128 128
93 85 240 128 128
93 86 240 128 128
93 87 240 128 128
93 88 240 128 128
