5 68 184 50 50
5 69 184 50 50
5 70 184 50 50
5 71 184 50 50
5 72 184 50 50
5 73 184 50 50
5 74 184 50 50
5 75 184 50 50
5 76 184 50 50
5 77 184 50 50
5 78 184 50 50
5 79 184 50 50
5 132 184 50 50
5 133 184 50 50
5 134 184 50 50
5 135 184 50 50
5 140 184 50 50
5 141 184 50 50
5 142 184 50 50
5 143 184 50 50
6 68 184 50 50
6 69 184 50 50
6 70 184 50 50
6 71 184 50 50
6 72 184 50 50
6 73 184 50 50
6 74 184 50 50
6 75 184 50 50
6 76 184 50 50
6 77 184 50 50
6 78 184 50 50
6 79 184 50 50
6 132 184 50 50
6 133 184 50 50
6 134 184 50 50
6 135 184 50 50
6 140 184 50 50
6 141 184 50 50
6 142 184 50 50
6 143 184 50 50
7 68 184 50 50
7 69 184 50 50
7 70 184 50 50
7 71 184 50 50
7 76 184 50 50
7 77 184 50 50
7 78 184 50 50
7 79 184 50 50
7 132 184 50 50
7 133 184 50 50
7 134 184 50 50
7 135 184 50 50
7 140 184 50 50
7 141 184 50 50
7 142 184 50 50
7 143 184 50 50
8 68 184 50 50
8 69 184 50 50
8 70 184 50 50
8 71 184 50 50
8 76 184 50 50
8 77 184 50 50
8 78 184 50 50
8 79 184 50 50
8 132 184 50 50
8 133 184 50 50
8 134 184 50 50
8 135 184 50 50
8 140 184 50 50
8 141 184 50 50
8 142 184 50 50
8 143 184 50 50
9 68 184 50 50
9 69 184 50 50
9 70 184 50 50
9 71 184 50 50
9 76 184 50 50
9 77 184 50 50
9 78 184 50 50
9 79 184 50 50
9 132 184 50 50
9 133 184 50 50
9 134 184 50 50
9 135 184 50 50
9 136 184 50 50
9 137 184 50 50
9 138 184 50 50
9 139 184 50 50
9 140 184 50 50
9 141 184 50 50
9 142 184 50 50
9 143 184 50 50
10 68 184 50 50
10 69 184 50 50
10 70 184 50 50
10 71 184 50 50
10 76 184 50 50
10 77 184 50 50
10 78 184 50 50
10 79 184 50 50
10 132 184 50 50
10 133 184 50 50
10 134 184 50 50
10 135 184 50 50
10 136 184 50 50
10 137 184 50 50
10 138 184 50 50
10 139 184 50 50
10 140 184 50 50
10 141 184 50 50
10 142 184 50 50
10 143 184 50 50
11 68 184 50 50
11 69 184 50 50
11 70 184 50 50
11 71 184 50 50
11 76 184 50 50
11 77 184 50 50
11 78 184 50 50
11 79 184 50 50
11 140 184 50 50
11 141 184 50 50
11 142 184 50 50
11 143 184 50 50
12 68 184 50 50
12 69 184 50 50
12 70 184 50 50
12 71 184 50 50
12 76 184 50 50
12 77 184 50 50
12 78 184 50 50
12 79 184 50 50
12 140 184 50 50
12 141 184 50 50
12 142 184 50 50
12 143 184 50 50
13 68 184 50 50
13 69 184 50 50
13 70 184 50 50
13 71 184 50 50
13 72 184 50 50
13 73 184 50 50
13 74 184 50 50
13 75 184 50 50
13 76 184 50 50
13 77 184 50 50
13 78 184 50 50
13 79 184 50 50
13 140 184 50 50
13 141 184 50 50
13 142 184 50 50
13 143 184 50 50
14 68 184 50 50
14 69 184 50 50
14 70 184 50 50
14 71 184 50 50
14 72 184 50 50
14 73 184 50 50
14 74 184 50 50
14 75 184 50 50
14 76 184 50 50
14 77 184 50 50
14 78 184 50 50
14 79 184 50 50
14 140 184 50 50
14 141 184 50 50
14 142 184 50 50
14 143 184 50 50
48 34 184 70 162
48 35 184 70 162
48 36 184 70 162
48 37 184 70 162
48 38 184 70 162
48 39 184 70 162
48 40 184 70 162
48 41 184 70 162
49 34 184 70 162
49 35 184 70 162
49 36 184 70 162
49 37 184 70 162
49 38 184 70 162
49 39 184 70 162
49 40 184 70 162
49 41 184 70 162
50 32 184 70 162
50 33 184 70 162
50 34 184 70 162
50 35 184 70 162
50 36 184 70 162
50 37 184 70 162
50 38 184 70 162
50 39 184 70 162
50 40 184 70 162
50 41 184 70 162
50 42 184 70 162
50 43 184 70 162
51 32 184 70 162
51 33 184 70 162
51 34 184 70 162
51 35 184 70 162
51 36 184 70 162
51 37 184 70 162
51 38 184 70 162
51 39 184 70 162
51 40 184 70 162
51 41 184 70 162
51 42 184 70 162
51 43 184 70 162
52 32 184 70 162
52 33 184 70 162
52 34 184 70 162
52 35 184 70 162
52 36 184 70 162
52 37 184 70 162
52 38 184 70 162
52 39 184 70 162
52 40 184 70 162
52 41 184 70 162
52 42 184 70 162
52 43 184 70 162
52 44 184 70 162
52 45 184 70 162
53 32 184 70 162
53 33 184 70 162
53 34 184 70 162
53 35 184 70 162
53 36 184 70 162
53 37 184 70 162
53 38 184 70 162
53 39 184 70 162
53 40 184 70 162
53 41 184 70 162
53 42 184 70 162
53 43 184 70 162
53 44 184 70 162
53 45 184 70 162
54 34 184 70 162
54 35 184 70 162
54 36 184 70 162
54 37 184 70 162
54 38 184 70 162
54 39 184 70 162
54 40 184 70 162
54 41 184 70 162
54 42 184 70 162
54 43 184 70 162
54 44 184 70 162
54 45 184 70 162
55 34 184 70 162
55 35 184 70 162
55 36 184 70 162
55 37 184 70 162
55 38 184 70 162
55 39 184 70 162
55 40 184 70 162
55 41 184 70 162
55 42 184 70 162
55 43 184 70 162
55 44 184 70 162
55 45 184 70 162
56 32 184 70 162
56 33 184 70 162
56 34 184 70 162
56 35 184 70 162
56 36 184 70 162
56 37 184 70 162
56 38 184 70 162
56 39 184 70 162
56 40 184 70 162
56 41 184 70 162
56 42 184 70 162
56 43 184 70 162
56 44 184 70 162
56 45 184 70 162
57 32 184 70 162
57 33 184 70 162
57 34 184 70 162
57 35 184 70 162
57 36 184 70 162
57 37 184 70 162
57 38 184 70 162
57 39 184 70 162
57 40 184 70 162
57 41 184 70 162
57 42 184 70 162
57 43 184 70 162
57 44 184 70 162
57 45 184 70 162
58 30 184 70 162
58 31 184 70 162
58 32 184 70 162
58 33 184 70 162
58 34 184 70 162
58 35 184 70 162
58 36 184 70 162
58 37 184 70 162
58 38 184 70 162
58 39 184 70 162
58 40 184 70 162
58 41 184 70 162
58 42 184 70 162
58 43 184 70 162
58 44 184 70 162
58 45 184 70 162
59 30 184 70 162
59 31 184 70 162
59 32 184 70 162
59 33 184 70 162
59 34 184 70 162
59 35 184 70 162
59 36 184 70 162
59 37 184 70 162
59 38 184 70 162
59 39 184 70 162
59 40 184 70 162
59 41 184 70 162
59 42 184 70 162
59 43 184 70 162
59 44 184 70 162
59 45 184 70 162
60 30 184 70 162
60 31 184 70 162
60 32 184 70 162
60 33 184 70 162
60 34 184 70 162
60 35 184 70 162
60 36 184 70 162
60 37 184 70 162
60 38 184 70 162
60 39 184 70 162
60 40 184 70 162
60 41 184 70 162
60 42 184 70 162
60 43 184 70 162
61 30 184 70 162
61 31 184 70 162
61 32 184 70 162
61 33 184 70 162
61 34 184 70 162
61 35 184 70 162
61 36 184 70 162
61 37 184 70 162
61 38 184 70 162
61 39 184 70 162
61 40 184 70 162
61 41 184 70 162
61 42 184 70 162
61 43 184 70 162
62 30 184 70 162
62 31 184 70 162
62 32 184 70 162
62 33 184 70 162
62 34 184 70 162
62 35 184 70 162
62 36 184 70 162
62 37 184 70 162
62 38 184 70 162
62 39 184 70 162
62 40 184 70 162
62 41 184 70 162
62 42 184 70 162
62 43 184 70 162
63 30 184 70 162
63 31 184 70 162
63 32 184 70 162
63 33 184 70 162
63 34 184 70 162
63 35 184 70 162
63 36 184 70 162
63 37 184 70 162
63 38 184 70 162
63 39 184 70 162
63 40 184 70 162
63 41 184 70 162
63 42 184 70 162
63 43 184 70 162
64 31 184 70 162
64 32 184 70 162
64 33 184 70 162
64 34 184 70 162
64 35 184 70 162
64 36 184 70 162
64 37 184 70 162
64 38 184 70 162
64 39 184 70 162
64 40 184 70 162
64 41 184 70 162
64 42 184 70 162
64 43 184 70 162
64 44 184 70 162
65 31 184 70 162
65 32 184 70 162
65 33 184 70 162
65 34 184 70 162
65 35 184 70 162
65 36 184 70 162
65 37 184 70 162
65 38 184 70 162
65 39 184 70 162
65 40 184 70 162
65 41 184 70 162
65 42 184 70 162
65 43 184 70 162
65 44 184 70 162
66 31 184 70 162
66 32 184 70 162
66 33 184 70 162
66 34 184 70 162
66 35 184 70 162
66 36 184 70 162
66 37 184 70 162
66 38 184 70 162
66 39 184 70 162
66 40 184 70 162
66 41 184 70 162
66 42 184 70 162
66 43 184 70 162
66 44 184 70 162
67 31 184 70 162
67 32 184 70 162
67 33 184 70 162
67 34 184 70 162
67 35 184 70 162
67 36 184 70 162
67 37 184 70 162
67 38 184 70 162
67 39 184 70 162
67 40 184 70 162
67 41 184 70 162
67 42 184 70 162
67 43 184 70 162
67 44 184 70 162
68 33 184 70 162
68 34 184 70 162
68 35 184 70 162
68 36 184 70 162
68 37 184 70 162
68 38 184 70 162
68 39 184 70 162
68 40 184 70 162
68 41 184 70 162
68 42 184 70 162
68 43 184 70 162
68 44 184 70 162
69 33 184 70 162
69 34 184 70 162
69 35 184 70 162
69 36 184 70 162
69 37 184 70 162
69 38 184 70 162
69 39 184 70 162
69 40 184 70 162
69 41 184 70 162
69 42 184 70 162
69 43 184 70 162
69 44 184 70 162
70 34 184 70 162
70 35 184 70 162
70 36 184 70 162
70 37 184 70 162
70 38 184 70 162
70 39 184 70 162
70 40 184 70 162
70 41 184 70 162
70 42 184 70 162
70 43 184 70 162
71 34 184 70 162
71 35 184 70 162
71 36 184 70 162
71 37 184 70 162
71 38 184 70 162
71 39 184 70 162
71 40 184 70 162
71 41 184 70 162
71 42 184 70 162
71 43 184 70 162
72 34 184 70 162
72 35 184 70 162
72 36 184 70 162
72 37 184 70 162
72 38 184 70 162
72 39 184 70 162
72 40 184 70 162
72 41 184 70 162
72 42 184 70 162
72 43 184 70 162
73 34 184 70 162
73 35 184 70 162
73 36 184 70 162
73 37 184 70 162
73 38 184 70 162
73 39 184 70 162
73 40 184 70 162
73 41 184 70 162
73 42 184 70 162
73 43 184 70 162
74 36 184 70 162
74 37 184 70 162
74 38 184 70 162
74 39 184 70 162
74 40 184 70 162
74 41 184 70 162
75 36 184 70 162
75 37 184 70 162
75 38 184 70 162
75 39 184 70 162
75 40 184 70 162
75 41 184 70 162
75 42 184 70 162
75 43 184 70 162
75 44 184 70 162
75 45 184 70 162
75 46 184 70 162
75 47 184 70 162
75 48 184 70 162
75 49 184 70 162
76 42 184 70 162
76 43 184 70 162
76 44 184 70 162
76 45 184 70 162
76 46 184 70 162
76 47 184 70 162
76 48 184 70 162
76 49 184 70 162
77 40 184 70 162
77 41 184 70 162
77 42 184 70 162
77 43 184 70 162
77 44 184 70 162
77 45 184 70 162
77 46 184 70 162
77 47 184 70 162
77 48 184 70 162
77 49 184 70 162
77 50 184 70 162
77 51 184 70 162
78 40 184 70 162
78 41 184 70 162
78 42 184 70 162
78 43 184 70 162
78 44 184 70 162
78 45 184 70 162
78 46 184 70 162
78 47 184 70 162
78 48 184 70 162
78 49 184 70 162
78 50 184 70 162
78 51 184 70 162
79 40 184 70 162
79 41 184 70 162
79 42 184 70 162
79 43 184 70 162
79 44 184 70 162
79 45 184 70 162
79 46 184 70 162
79 47 184 70 162
79 48 184 70 162
79 49 184 70 162
79 50 184 70 162
79 51 184 70 162
79 52 184 70 162
79 53 184 70 162
80 40 184 70 162
80 41 184 70 162
80 42 184 70 162
80 43 184 70 162
80 44 184 70 162
80 45 184 70 162
80 46 184 70 162
80 47 184 70 162
80 48 184 70 162
80 49 184 70 162
80 50 184 70 162
80 51 184 70 162
80 52 184 70 162
80 53 184 70 162
81 42 184 70 162
81 43 184 70 162
81 44 184 70 162
81 45 184 70 162
81 46 184 70 162
81 47 184 70 162
81 48 184 70 162
81 49 184 70 162
81 50 184 70 162
81 51 184 70 162
81 52 184 70 162
81 53 184 70 162
82 42 184 70 162
82 43 184 70 162
82 44 184 70 162
82 45 184 70 162
82 46 184 70 162
82 47 184 70 162
82 48 184 70 162
82 49 184 70 162
82 50 184 70 162
82 51 184 70 162
82 52 184 70 162
82 53 184 70 162
83 40 184 70 162
83 41 184 70 162
83 42 184 70 162
83 43 184 70 162
83 44 184 70 162
83 45 184 70 162
83 46 184 70 162
83 47 184 70 162
83 48 184 70 162
83 49 184 70 162
83 50 184 70 162
83 51 184 70 162
83 52 184 70 162
83 53 184 70 162
84 40 184 70 162
84 41 184 70 162
84 42 184 70 162
84 43 184 70 162
84 44 184 70 162
84 45 184 70 162
84 46 184 70 162
84 47 184 70 162
84 48 184 70 162
84 49 184 70 162
84 50 184 70 162
84 51 184 70 162
84 52 184 70 162
84 53 184 70 162
85 38 184 70 162
85 39 184 70 162
85 40 184 70 162
85 41 184 70 162
85 42 184 70 162
85 43 184 70 162
85 44 184 70 162
85 45 184 70 162
85 46 184 70 162
85 47 184 70 162
85 48 184 70 162
85 49 184 70 162
85 50 184 70 162
85 51 184 70 162
85 52 184 70 162
85 53 184 70 162
86 38 184 70 162
86 39 184 70 162
86 40 184 70 162
86 41 184 70 162
86 42 184 70 162
86 43 184 70 162
86 44 184 70 162
86 45 184 70 162
86 46 184 70 162
86 47 184 70 162
86 48 184 70 162
86 49 184 70 162
86 50 184 70 162
86 51 184 70 162
86 52 184 70 162
86 53 184 70 162
87 38 184 70 162
87 39 184 70 162
87 40 184 70 162
87 41 184 70 162
87 42 184 70 162
87 43 184 70 162
87 44 184 70 162
87 45 184 70 162
87 46 184 70 162
87 47 184 70 162
87 48 184 70 162
87 49 184 70 162
87 50 184 70 162
87 51 184 70 162
88 38 184 70 162
88 39 184 70 162
88 40 184 70 162
88 41 184 70 162
88 42 184 70 162
88 43 184 70 162
88 44 184 70 162
88 45 184 70 162
88 46 184 70 162
88 47 184 70 162
88 48 184 70 162
88 49 184 70 162
88 50 184 70 162
88 51 184 70 162
89 38 184 70 162
89 39 184 70 162
89 40 184 70 162
89 41 184 70 162
89 42 184 70 162
89 43 184 70 162
89 44 184 70 162
89 45 184 70 162
89 46 184 70 162
89 47 184 70 162
89 48 184 70 162
89 49 184 70 162
89 50 184 70 162
89 51 184 70 162
90 38 184 70 162
90 39 184 70 162
90 40 184 70 162
90 41 184 70 162
90 42 184 70 162
90 43 184 70 162
90 44 184 70 162
90 45 184 70 162
90 46 184 70 162
90 47 184 70 162
90 48 184 70 162
90 49 184 70 162
90 50 184 70 162
90 51 184 70 162
91 39 184 70 162
91 40 184 70 162
91 41 184 70 162
91 42 184 70 162
91 43 184 70 162
91 44 184 70 162
91 45 184 70 162
91 46 184 70 162
91 47 184 70 162
91 48 184 70 162
91 49 184 70 162
91 50 184 70 162
91 51 184 70 162
91 52 184 70 162
92 39 184 70 162
92 40 184 70 162
92 41 184 70 162
92 42 184 70 162
92 43 184 70 162
92 44 184 70 162
92 45 184 70 162
92 46 184 70 162
92 47 184 70 162
92 48 184 70 162
92 49 184 70 162
92 50 184 70 162
92 51 184 70 162
92 52 184 70 162
93 39 184 70 162
93 40 184 70 162
93 41 184 70 162
93 42 184 70 162
93 43 184 70 162
93 44 184 70 162
93 45 184 70 162
93 46 184 70 162
93 47 184 70 162
93 48 184 70 162
93 49 184 70 162
93 50 184 70 162
93 51 184 70 162
93 52 184 70 162
94 39 184 70 162
94 40 184 70 162
94 41 184 70 162
94 42 184 70 162
94 43 184 70 162
94 44 184 70 162
94 45 184 70 162
94 46 184 70 162
94 47 184 70 162
94 48 184 70 162
94 49 184 70 162
94 50 184 70 162
94 51 184 70 162
94 52 184 70 162
95 41 184 70 162
95 42 184 70 162
95 43 184 70 162
95 44 184 70 162
95 45 184 70 162
95 46 184 70 162
95 47 184 70 162
95 48 184 70 162
95 49 184 70 162
95 50 184 70 162
95 51 184 70 162
95 52 184 70 162
96 41 184 70 162
96 42 184 70 162
96 43 184 70 162
96 44 184 70 162
96 45 184 70 162
96 46 184 70 162
96 47 184 70 162
96 48 184 70 162
96 49 184 70 162
96 50 184 70 162
96 51 184 70 162
96 52 184 70 162
97 42 184 70 162
97 43 184 70 162
97 44 184 70 162
97 45 184 70 162
97 46 184 70 162
97 47 184 70 162
97 48 184 70 162
97 49 184 70 162
97 50 184 70 162
97 51 184 70 162
98 42 184 70 162
98 43 184 70 162
98 44 184 70 162
98 45 184 70 162
98 46 184 70 162
98 47 184 70 162
98 48 184 70 162
98 49 184 70 162
98 50 184 70 162
98 51 184 70 162
99 42 184 70 162
99 43 184 70 162
99 44 184 70 162
99 45 184 70 162
99 46 184 70 162
99 47 184 70 162
99 48 184 70 162
99 49 184 70 162
99 50 184 70 162
99 51 184 70 162
100 42 184 70 162
100 43 184 70 162
100 44 184 70 162
100 45 184 70 162
100 46 184 70 162
100 47 184 70 162
100 48 184 70 162
100 49 184 70 162
100 50 184 70 162
100 51 184 70 162
101 44 184 70 162
101 45 184 70 162
101 46 184 70 162
101 47 184 70 162
101 48 184 70 162
101 49 184 70 162
102 44 184 70 162
102 45 184 70 162
102 46 184 70 162
102 47 184 70 162
102 48 184 70 162
102 49 184 70 162
102 53 117 181 239
102 54 117 181 239
103 53 117 181 239
103 54 117 181 239
104 52 117 181 239
104 53 117 181 239
104 54 117 181 239
104 55 117 181 239
104 56 117 181 239
104 57 117 181 239
105 52 117 181 239
105 53 117 181 239
105 54 117 181 239
105 55 117 181 239
105 56 117 181 239
105 57 117 181 239
106 52 117 181 239
106 53 117 181 239
106 54 117 181 239
106 55 117 181 239
106 56 117 181 239
106 57 117 181 239
106 58 117 181 239
106 59 117 181 239
107 52 117 181 239
107 53 117 181 239
107 54 117 181 239
107 55 117 181 239
107 56 117 181 239
107 57 117 181 239
107 58 117 181 239
107 59 117 181 239
108 50 117 181 239
108 51 117 181 239
108 52 117 181 239
108 53 117 181 239
108 54 117 181 239
108 55 117 181 239
108 56 117 181 239
108 57 117 181 239
108 58 117 181 239
108 59 117 181 239
109 50 117 181 239
109 51 117 181 239
109 52 117 181 239
109 53 117 181 239
109 54 117 181 239
109 55 117 181 239
109 56 117 181 239
109 57 117 181 239
109 58 117 181 239
109 59 117 181 239
110 50 117 181 239
110 51 117 181 239
110 52 117 181 239
110 53 117 181 239
110 54 117 181 239
110 55 117 181 239
110 56 117 181 239
110 57 117 181 239
110 58 117 181 239
110 59 117 181 239
110 60 117 181 239
110 61 117 181 239
111 50 117 181 239
111 51 117 181 239
111 52 117 181 239
111 53 117 181 239
111 54 117 181 239
111 55 117 181 239
111 56 117 181 239
111 57 117 181 239
111 58 117 181 239
111 59 117 181 239
111 60 117 181 239
111 61 117 181 239
112 48 117 181 239
112 49 117 181 239
112 50 117 181 239
112 51 117 181 239
112 52 117 181 239
112 53 117 181 239
112 54 117 181 239
112 55 117 181 239
112 56 117 181 239
112 57 117 181 239
112 58 117 181 239
112 59 117 181 239
112 60 117 181 239
112 61 117 181 239
113 48 117 181 239
113 49 117 181 239
113 50 117 181 239
113 51 117 181 239
113 52 117 181 239
113 53 117 181 239
113 54 117 181 239
113 55 117 181 239
113 56 117 181 239
113 57 117 181 239
113 58 117 181 239
113 59 117 181 239
113 60 117 181 239
113 61 117 181 239
114 47 117 181 239
114 48 117 181 239
114 49 117 181 239
114 50 117 181 239
114 51 117 181 239
114 52 117 181 239
114 53 117 181 239
114 54 117 181 239
114 55 117 181 239
114 56 117 181 239
114 57 117 181 239
114 58 117 181 239
114 59 117 181 239
114 60 117 181 239
114 61 117 181 239
114 62 117 181 239
115 47 117 181 239
115 48 117 181 239
115 49 117 181 239
115 50 117 181 239
115 51 117 181 239
115 52 117 181 239
115 53 117 181 239
115 54 117 181 239
115 55 117 181 239
115 56 117 181 239
115 57 117 181 239
115 58 117 181 239
115 59 117 181 239
115 60 117 181 239
115 61 117 181 239
115 62 117 181 239
116 48 117 181 239
116 49 117 181 239
116 50 117 181 239
116 51 117 181 239
116 52 117 181 239
116 53 117 181 239
116 54 117 181 239
116 55 117 181 239
116 56 117 181 239
116 57 117 181 239
116 58 117 181 239
116 59 117 181 239
116 60 117 181 239
116 61 117 181 239
117 48 117 181 239
117 49 117 181 239
117 50 117 181 239
117 51 117 181 239
117 52 117 181 239
117 53 117 181 239
117 54 117 181 239
117 55 117 181 239
117 56 117 181 239
117 57 117 181 239
117 58 117 181 239
117 59 117 181 239
117 60 117 181 239
117 61 117 181 239
118 47 117 181 239
118 48 117 181 239
118 49 117 181 239
118 50 117 181 239
118 51 117 181 239
118 52 117 181 239
118 53 117 181 239
118 54 117 181 239
118 55 117 181 239
118 56 117 181 239
118 57 117 181 239
118 58 117 181 239
118 59 117 181 239
118 60 117 181 239
118 61 117 181 239
118 62 117 181 239
119 47 117 181 239
119 48 117 181 239
119 49 117 181 239
119 50 117 181 239
119 51 117 181 239
119 52 117 181 239
119 53 117 181 239
119 54 117 181 239
119 55 117 181 239
119 56 117 181 239
119 57 117 181 239
119 58 117 181 239
119 59 117 181 239
119 60 117 181 239
119 61 117 181 239
119 62 117 181 239
120 48 117 181 239
120 49 117 181 239
120 50 117 181 239
120 51 117 181 239
120 52 117 181 239
120 53 117 181 239
120 54 117 181 239
120 55 117 181 239
120 56 117 181 239
120 57 117 181 239
120 58 117 181 239
120 59 117 181 239
120 60 117 181 239
120 61 117 181 239
121 48 117 181 239
121 49 117 181 239
121 50 117 181 239
121 51 117 181 239
121 52 117 181 239
121 53 117 181 239
121 54 117 181 239
121 55 117 181 239
121 56 117 181 239
121 57 117 181 239
121 58 117 181 239
121 59 117 181 239
121 60 117 181 239
121 61 117 181 239
122 51 117 181 239
122 52 117 181 239
122 53 117 181 239
122 54 117 181 239
122 55 117 181 239
122 56 117 181 239
122 57 117 181 239
122 58 117 181 239
122 59 117 181 239
122 60 117 181 239
123 51 117 181 239
123 52 117 181 239
123 53 117 181 239
123 54 117 181 239
123 55 117 181 239
123 56 117 181 239
123 57 117 181 239
123 58 117 181 239
123 59 117 181 239
123 60 117 181 239
124 51 117 181 239
124 52 117 181 239
124 53 117 181 239
124 54 117 181 239
124 55 117 181 239
124 56 117 181 239
124 57 117 181 239
124 58 117 181 239
124 59 117 181 239
124 60 117 181 239
125 51 117 181 239
125 52 117 181 239
125 53 117 181 239
125 54 117 181 239
125 55 117 181 239
125 56 117 181 239
125 57 117 181 239
125 58 117 181 239
125 59 117 181 239
125 60 117 181 239
126 53 117 181 239
126 54 117 181 239
126 55 117 181 239
126 56 117 181 239
126 57 117 181 239
126 58 117 181 239
127 53 117 181 239
127 54 117 181 239
127 55 117 181 239
127 56 117 181 239
127 57 117 181 239
127 58 117 181 239
128 55 117 181 239
128 56 117 181 239
128 57 117 181 239
128 58 117 181 239
129 49 117 181 239
129 50 117 181 239
129 55 117 181 239
129 56 117 181 239
129 57 117 181 239
129 58 117 181 239
130 49 117 181 239
130 50 117 181 239
131 48 117 181 239
131 49 117 181 239
131 50 117 181 239
131 51 117 181 239
131 52 117 181 239
131 53 117 181 239
132 48 117 181 239
132 49 117 181 239
132 50 117 181 239
132 51 117 181 239
132 52 117 181 239
132 53 117 181 239
133 48 117 181 239
133 49 117 181 239
133 50 117 181 239
133 51 117 181 239
133 52 117 181 239
133 53 117 181 239
133 54 117 181 239
133 55 117 181 239
134 48 117 181 239
134 49 117 181 239
134 50 117 181 239
134 51 117 181 239
134 52 117 181 239
134 53 117 181 239
134 54 117 181 239
134 55 117 181 239
135 46 117 181 239
135 47 117 181 239
135 48 117 181 239
135 49 117 181 239
135 50 117 181 239
135 51 117 181 239
135 52 117 181 239
135 53 117 181 239
135 54 117 181 239
135 55 117 181 239
136 46 117 181 239
136 47 117 181 239
136 48 117 181 239
136 49 117 181 239
136 50 117 181 239
136 51 117 181 239
136 52 117 181 239
136 53 117 181 239
136 54 117 181 239
136 55 117 181 239
137 46 117 181 239
137 47 117 181 239
137 48 117 181 239
137 49 117 181 239
137 50 117 181 239
137 51 117 181 239
137 52 117 181 239
137 53 117 181 239
137 54 117 181 239
137 55 117 181 239
137 56 117 181 239
137 57 117 181 239
138 46 117 181 239
138 47 117 181 239
138 48 117 181 239
138 49 117 181 239
138 50 117 181 239
138 51 117 181 239
138 52 117 181 239
138 53 117 181 239
138 54 117 181 239
138 55 117 181 239
138 56 117 181 239
138 57 117 181 239
139 44 117 181 239
139 45 117 181 239
139 46 117 181 239
139 47 117 181 239
139 48 117 181 239
139 49 117 181 239
139 50 117 181 239
139 51 117 181 239
139 52 117 181 239
139 53 117 181 239
139 54 117 181 239
139 55 117 181 239
139 56 117 181 239
139 57 117 181 239
140 44 117 181 239
140 45 117 181 239
140 46 117 181 239
140 47 117 181 239
140 48 117 181 239
140 49 117 181 239
140 50 117 181 239
140 51 117 181 239
140 52 117 181 239
140 53 117 181 239
140 54 117 181 239
140 55 117 181 239
140 56 117 181 239
140 57 117 181 239
141 43 117 181 239
141 44 117 181 239
141 45 117 181 239
141 46 117 181 239
141 47 117 181 239
141 48 117 181 239
141 49 117 181 239
141 50 117 181 239
141 51 117 181 239
141 52 117 181 239
141 53 117 181 239
141 54 117 181 239
141 55 117 181 239
141 56 117 181 239
141 57 117 181 239
141 58 117 181 239
142 43 117 181 239
142 44 117 181 239
142 45 117 181 239
142 46 117 181 239
142 47 117 181 239
142 48 117 181 239
142 49 117 181 239
142 50 117 181 239
142 51 117 181 239
142 52 117 181 239
142 53 117 181 239
142 54 117 181 239
142 55 117 181 239
142 56 117 181 239
142 57 117 181 239
142 58 117 181 239
143 44 117 181 239
143 45 117 181 239
143 46 117 181 239
143 47 117 181 239
143 48 117 181 239
143 49 117 181 239
143 50 117 181 239
143 51 117 181 239
143 52 117 181 239
143 53 117 181 239
143 54 117 181 239
143 55 117 181 239
143 56 117 181 239
143 57 117 181 239
144 44 117 181 239
144 45 117 181 239
144 46 117 181 239
144 47 117 181 239
144 48 117 181 239
144 49 117 181 239
144 50 117 181 239
144 51 117 181 239
144 52 117 181 239
144 53 117 181 239
144 54 117 181 239
144 55 117 181 239
144 56 117 181 239
144 57 117 181 239
145 43 117 181 239
145 44 117 181 239
145 45 117 181 239
145 46 117 181 239
145 47 117 181 239
145 48 117 181 239
145 49 117 181 239
145 50 117 181 239
145 51 117 181 239
145 52 117 181 239
145 53 117 181 239
145 54 117 181 239
145 55 117 181 239
145 56 117 181 239
145 57 117 181 239
145 58 117 181 239
146 43 117 181 239
146 44 117 181 239
146 45 117 181 239
146 46 117 181 239
146 47 117 181 239
146 48 117 181 239
146 49 117 181 239
146 50 117 181 239
146 51 117 181 239
146 52 117 181 239
146 53 117 181 239
146 54 117 181 239
146 55 117 181 239
146 56 117 181 239
146 57 117 181 239
146 58 117 181 239
147 44 117 181 239
147 45 117 181 239
147 46 117 181 239
147 47 117 181 239
147 48 117 181 239
147 49 117 181 239
147 50 117 181 239
147 51 117 181 239
147 52 117 181 239
147 53 117 181 239
147 54 117 181 239
147 55 117 181 239
147 56 117 181 239
147 57 117 181 239
148 44 117 181 239
148 45 117 181 239
148 46 117 181 239
148 47 117 181 239
148 48 117 181 239
148 49 117 181 239
148 50 117 181 239
148 51 117 181 239
148 52 117 181 239
148 53 117 181 239
148 54 117 181 239
148 55 117 181 239
148 56 117 181 239
148 57 117 181 239
149 47 117 181 239
149 48 117 181 239
149 49 117 181 239
149 50 117 181 239
149 51 117 181 239
149 52 117 181 239
149 53 117 181 239
149 54 117 181 239
149 55 117 181 239
149 56 117 181 239
150 47 117 181 239
150 48 117 181 239
150 49 117 181 239
150 50 117 181 239
150 51 117 181 239
150 52 117 181 239
150 53 117 181 239
150 54 117 181 239
150 55 117 181 239
150 56 117 181 239
151 47 117 181 239
151 48 117 181 239
151 49 117 181 239
151 50 117 181 239
151 51 117 181 239
151 52 117 181 239
151 53 117 181 239
151 54 117 181 239
151 55 117 181 239
151 56 117 181 239
152 47 117 181 239
152 48 117 181 239
152 49 117 181 239
152 50 117 181 239
152 51 117 181 239
152 52 117 181 239
152 53 117 181 239
152 54 117 181 239
152 55 117 181 239
152 56 117 181 239
153 49 117 181 239
153 50 117 181 239
153 51 117 181 239
153 52 117 181 239
153 53 117 181 239
153 54 117 181 239
154 49 117 181 239
154 50 117 181 239
154 51 117 181 239
154 52 117 181 239
154 53 117 181 239
154 54 117 181 239
155 51 117 181 239
155 52 117 181 239
155 53 117 181 239
155 54 117 181 239
156 51 117 181 239
156 52 117 181 239
156 53 117 181 239
156 54 117 181 239
